imagen,rotacion,traslacion
0000.jpg,"[[ 0.78828194  0.18198923  0.58778525  0.        ]
 [-0.28358433  0.95521131  0.0845653   0.        ]
 [-0.54606914 -0.23334799  0.80458511  0.        ]
 [ 0.          0.          0.          1.        ]]","[[   1    0    0 -585]
 [   0    1    0  107]
 [   0    0    1 2768]
 [   0    0    0    1]]"
0001.jpg,"[[ 0.53636474  0.82592928  0.17364818  0.        ]
 [-0.52615461  0.48809647 -0.69636424  0.        ]
 [-0.65990468  0.28213944  0.69636424  0.        ]
 [ 0.          0.          0.          1.        ]]","[[   1    0    0 -242]
 [   0    1    0 -342]
 [   0    0    1 2709]
 [   0    0    0    1]]"
0002.jpg,"[[ 0.96577871 -0.25877963  0.01745241  0.        ]
 [ 0.22523507  0.87014851  0.43830438  0.        ]
 [-0.12861043 -0.41937415  0.89865716  0.        ]
 [ 0.          0.          0.          1.        ]]","[[   1    0    0  253]
 [   0    1    0 -478]
 [   0    0    1 4116]
 [   0    0    0    1]]"
0003.jpg,"[[ 0.90342019  0.20857099 -0.37460659  0.        ]
 [ 0.05488557  0.81025942  0.58349571  0.        ]
 [ 0.4252288  -0.5477023   0.72055719  0.        ]
 [ 0.          0.          0.          1.        ]]","[[   1    0    0 -663]
 [   0    1    0 -494]
 [   0    0    1 3913]
 [   0    0    0    1]]"
0004.jpg,"[[ 0.89253894  0.41619774  0.17364818  0.        ]
 [-0.26872292  0.80006303 -0.53636474  0.        ]
 [-0.36216328  0.43206317  0.82592928  0.        ]
 [ 0.          0.          0.          1.        ]]","[[   1    0    0  657]
 [   0    1    0 -282]
 [   0    0    1 4330]
 [   0    0    0    1]]"
0005.jpg,"[[ 0.59350185 -0.44723572 -0.66913061  0.        ]
 [ 0.77210304  0.08170944  0.63022255  0.        ]
 [-0.22718375 -0.89067602  0.39380676  0.        ]
 [ 0.          0.          0.          1.        ]]","[[   1    0    0   -3]
 [   0    1    0 -131]
 [   0    0    1 3371]
 [   0    0    0    1]]"
0006.jpg,"[[ 4.08309946e-01 -4.22817326e-01  8.09016994e-01  0.00000000e+00]
 [ 8.92892354e-01  7.12007088e-04 -4.50269626e-01  0.00000000e+00]
 [ 1.89805774e-01  9.06214656e-01  3.77821077e-01  0.00000000e+00]
 [ 0.00000000e+00  0.00000000e+00  0.00000000e+00  1.00000000e+00]]","[[   1    0    0 -877]
 [   0    1    0  522]
 [   0    0    1 4834]
 [   0    0    0    1]]"
0007.jpg,"[[ 0.61132734  0.1986323   0.76604444  0.        ]
 [-0.57862969  0.77255036  0.26144527  0.        ]
 [-0.53987643 -0.6030847   0.5872157   0.        ]
 [ 0.          0.          0.          1.        ]]","[[   1    0    0  441]
 [   0    1    0   66]
 [   0    0    1 4919]
 [   0    0    0    1]]"
0008.jpg,"[[ 0.65561799  0.65561799 -0.37460659  0.        ]
 [-0.65036712  0.74236136  0.16100379  0.        ]
 [ 0.38365044  0.13807483  0.91309785  0.        ]
 [ 0.          0.          0.          1.        ]]","[[   1    0    0 -936]
 [   0    1    0  372]
 [   0    0    1 3800]
 [   0    0    0    1]]"
0009.jpg,"[[ 0.76533937  0.13494998  0.62932039  0.        ]
 [-0.40200336  0.86382109  0.30365512  0.        ]
 [-0.50264197 -0.48538813  0.71536663  0.        ]
 [ 0.          0.          0.          1.        ]]","[[   1    0    0 -359]
 [   0    1    0  -14]
 [   0    0    1 4276]
 [   0    0    0    1]]"
0010.jpg,"[[ 0.51472433 -0.01797457  0.8571673   0.        ]
 [ 0.26967095  0.95243051 -0.14196373  0.        ]
 [-0.81384055  0.30422531  0.49508637  0.        ]
 [ 0.          0.          0.          1.        ]]","[[   1    0    0 -846]
 [   0    1    0  561]
 [   0    0    1 4548]
 [   0    0    0    1]]"
0011.jpg,"[[ 0.81379768  0.29619813  0.5         0.        ]
 [-0.52692357  0.73896636  0.41985745  0.        ]
 [-0.24512219 -0.6051408   0.75744289  0.        ]
 [ 0.          0.          0.          1.        ]]","[[   1    0    0 -397]
 [   0    1    0  432]
 [   0    0    1 3491]
 [   0    0    0    1]]"
0012.jpg,"[[ 0.79690454 -0.29004953  0.52991926  0.        ]
 [ 0.58208593  0.60334552 -0.54511481  0.        ]
 [-0.16161412  0.74286301  0.64964253  0.        ]
 [ 0.          0.          0.          1.        ]]","[[   1    0    0  -54]
 [   0    1    0  529]
 [   0    0    1 2126]
 [   0    0    0    1]]"
0013.jpg,"[[ 0.58523481  0.32440096  0.74314483  0.        ]
 [-0.64518468  0.74143076  0.18443739  0.        ]
 [-0.49115877 -0.58740484  0.64320962  0.        ]
 [ 0.          0.          0.          1.        ]]","[[   1    0    0  254]
 [   0    1    0    2]
 [   0    0    1 2871]
 [   0    0    0    1]]"
0014.jpg,"[[ 0.77837848 -0.44939702 -0.43837115  0.        ]
 [ 0.4344553   0.88965137 -0.14060237  0.        ]
 [ 0.45318378 -0.08101081  0.8877284   0.        ]
 [ 0.          0.          0.          1.        ]]","[[   1    0    0 -136]
 [   0    1    0  -50]
 [   0    0    1 2012]
 [   0    0    0    1]]"
0015.jpg,"[[ 0.97278921  0.10224427 -0.20791169  0.        ]
 [-0.09724852  0.99467452  0.03413686  0.        ]
 [ 0.21029476 -0.01298886  0.97755174  0.        ]
 [ 0.          0.          0.          1.        ]]","[[   1    0    0  893]
 [   0    1    0 -275]
 [   0    0    1 2061]
 [   0    0    0    1]]"
0016.jpg,"[[ 0.71397795  0.08766547 -0.69465837  0.        ]
 [ 0.49488797  0.6386485   0.58924867  0.        ]
 [ 0.49529929 -0.76448863  0.41259636  0.        ]
 [ 0.          0.          0.          1.        ]]","[[   1    0    0   41]
 [   0    1    0  130]
 [   0    0    1 3560]
 [   0    0    0    1]]"
0017.jpg,"[[ 0.81715663 -0.57217923  0.06975647  0.        ]
 [ 0.38051707  0.62637709  0.68033705  0.        ]
 [-0.43296859 -0.5293984   0.72957216  0.        ]
 [ 0.          0.          0.          1.        ]]","[[   1    0    0 -515]
 [   0    1    0  157]
 [   0    0    1 3951]
 [   0    0    0    1]]"
0018.jpg,"[[ 0.68399917  0.31895405 -0.65605903  0.        ]
 [-0.63430741  0.7042176  -0.31895405  0.        ]
 [ 0.36027663  0.63430741  0.68399917  0.        ]
 [ 0.          0.          0.          1.        ]]","[[   1    0    0 -533]
 [   0    1    0  155]
 [   0    0    1 4351]
 [   0    0    0    1]]"
0019.jpg,"[[ 0.44062224 -0.32013079 -0.83867057  0.        ]
 [ 0.37799585  0.91355474 -0.15012286  0.        ]
 [ 0.81423042 -0.25086652  0.52354064  0.        ]
 [ 0.          0.          0.          1.        ]]","[[   1    0    0 -376]
 [   0    1    0 -337]
 [   0    0    1 2032]
 [   0    0    0    1]]"
0020.jpg,"[[ 0.85536319 -0.13547622 -0.5         0.        ]
 [ 0.49426058  0.50244295  0.70940648  0.        ]
 [ 0.15511377 -0.85393048  0.49673176  0.        ]
 [ 0.          0.          0.          1.        ]]","[[   1    0    0  706]
 [   0    1    0 -367]
 [   0    0    1 3531]
 [   0    0    0    1]]"
0021.jpg,"[[ 0.39454206 -0.65662825 -0.64278761  0.        ]
 [ 0.71291135  0.66009143 -0.23672075  0.        ]
 [ 0.57973612 -0.36485429  0.72855156  0.        ]
 [ 0.          0.          0.          1.        ]]","[[   1    0    0 -768]
 [   0    1    0 -238]
 [   0    0    1 2006]
 [   0    0    0    1]]"
0022.jpg,"[[ 0.65176944 -0.52779249 -0.54463904  0.        ]
 [ 0.27273481  0.83319543 -0.48104168  0.        ]
 [ 0.70768094  0.16498624  0.68699871  0.        ]
 [ 0.          0.          0.          1.        ]]","[[   1    0    0 -360]
 [   0    1    0  142]
 [   0    0    1 3818]
 [   0    0    0    1]]"
0023.jpg,"[[ 0.61470085 -0.18793291 -0.76604444  0.        ]
 [ 0.6194873   0.71619935  0.3213938   0.        ]
 [ 0.48824006 -0.67211584  0.5566704   0.        ]
 [ 0.          0.          0.          1.        ]]","[[   1    0    0 -132]
 [   0    1    0  204]
 [   0    0    1 3584]
 [   0    0    0    1]]"
0024.jpg,"[[ 0.61556823  0.76016346  0.20791169  0.        ]
 [-0.78559241  0.61284321  0.08525118  0.        ]
 [-0.06261244 -0.21581176  0.97442545  0.        ]
 [ 0.          0.          0.          1.        ]]","[[   1    0    0 -792]
 [   0    1    0  624]
 [   0    0    1 4839]
 [   0    0    0    1]]"
0025.jpg,"[[ 0.90692266 -0.36642054  0.20791169  0.        ]
 [ 0.32634091  0.92311588  0.20336832  0.        ]
 [-0.26644491 -0.11658925  0.95677273  0.        ]
 [ 0.          0.          0.          1.        ]]","[[   1    0    0  380]
 [   0    1    0  211]
 [   0    0    1 2787]
 [   0    0    0    1]]"
0026.jpg,"[[ 0.52398815  0.23329455 -0.81915204  0.        ]
 [ 0.37970365  0.79691253  0.46984631  0.        ]
 [ 0.76240512 -0.55722892  0.32898993  0.        ]
 [ 0.          0.          0.          1.        ]]","[[   1    0    0  175]
 [   0    1    0  662]
 [   0    0    1 3885]
 [   0    0    0    1]]"
0027.jpg,"[[ 0.59732919 -0.0733428   0.79863551  0.        ]
 [ 0.3228781   0.93353531 -0.15576119  0.        ]
 [-0.73413049  0.35090262  0.58130867  0.        ]
 [ 0.          0.          0.          1.        ]]","[[   1    0    0  625]
 [   0    1    0  779]
 [   0    0    1 4290]
 [   0    0    0    1]]"
0028.jpg,"[[ 0.63295271  0.5502174   0.54463904  0.        ]
 [-0.77375064  0.42587439  0.46897863  0.        ]
 [ 0.02609239 -0.7182561   0.69528941  0.        ]
 [ 0.          0.          0.          1.        ]]","[[   1    0    0 -709]
 [   0    1    0 -375]
 [   0    0    1 3021]
 [   0    0    0    1]]"
0029.jpg,"[[ 0.91229348 -0.40617922  0.05233596  0.        ]
 [ 0.31959612  0.78601085  0.52919303  0.        ]
 [-0.25608384 -0.46605298  0.84688588  0.        ]
 [ 0.          0.          0.          1.        ]]","[[   1    0    0 -261]
 [   0    1    0   21]
 [   0    0    1 4973]
 [   0    0    0    1]]"
0030.jpg,"[[ 0.69346291  0.41667456  0.58778525  0.        ]
 [-0.69795121  0.59096277  0.4045085   0.        ]
 [-0.1788108  -0.69075707  0.70062927  0.        ]
 [ 0.          0.          0.          1.        ]]","[[   1    0    0 -808]
 [   0    1    0   59]
 [   0    0    1 3314]
 [   0    0    0    1]]"
0031.jpg,"[[ 0.43730985  0.24240481 -0.8660254   0.        ]
 [-0.02545103  0.96593798  0.25751904  0.        ]
 [ 0.89895069 -0.09057438  0.42858365  0.        ]
 [ 0.          0.          0.          1.        ]]","[[   1    0    0  108]
 [   0    1    0  464]
 [   0    0    1 2746]
 [   0    0    0    1]]"
0032.jpg,"[[ 0.85077811 -0.10446242  0.51503807  0.        ]
 [ 0.45238339  0.64432944 -0.61659455  0.        ]
 [-0.26744324  0.75757982  0.59543844  0.        ]
 [ 0.          0.          0.          1.        ]]","[[   1    0    0 -630]
 [   0    1    0 -129]
 [   0    0    1 2245]
 [   0    0    0    1]]"
0033.jpg,"[[ 0.77163428 -0.39316731  0.5         0.        ]
 [ 0.62549744  0.61174375 -0.48427526  0.        ]
 [-0.11547068  0.68643212  0.7179676   0.        ]
 [ 0.          0.          0.          1.        ]]","[[   1    0    0 -370]
 [   0    1    0 -276]
 [   0    0    1 2571]
 [   0    0    0    1]]"
0034.jpg,"[[ 0.53181081 -0.21486551 -0.81915204  0.        ]
 [-0.34102176  0.83105051 -0.43938504  0.        ]
 [ 0.77516541  0.51301839  0.36868783  0.        ]
 [ 0.          0.          0.          1.        ]]","[[    1     0     0 -1126]
 [    0     1     0   -38]
 [    0     0     1  2858]
 [    0     0     0     1]]"
0035.jpg,"[[ 0.52654078 -0.62750687  0.57357644  0.        ]
 [ 0.83367217  0.24892449 -0.49297801  0.        ]
 [ 0.16656986  0.73774774  0.65420391  0.        ]
 [ 0.          0.          0.          1.        ]]","[[   1    0    0  699]
 [   0    1    0  476]
 [   0    0    1 4822]
 [   0    0    0    1]]"
0036.jpg,"[[ 0.95266573 -0.08334745 -0.2923717   0.        ]
 [ 0.150441    0.96493012  0.21512176  0.        ]
 [ 0.26418841 -0.24892382  0.93179473  0.        ]
 [ 0.          0.          0.          1.        ]]","[[   1    0    0 -317]
 [   0    1    0   84]
 [   0    0    1 3895]
 [   0    0    0    1]]"
0037.jpg,"[[ 0.45315389 -0.21130913 -0.8660254   0.        ]
 [ 0.83388531  0.44388278  0.32802951  0.        ]
 [ 0.31509813 -0.87081372  0.37735479  0.        ]
 [ 0.          0.          0.          1.        ]]","[[   1    0    0 -816]
 [   0    1    0  369]
 [   0    0    1 3508]
 [   0    0    0    1]]"
0038.jpg,"[[ 0.62022311 -0.57836741 -0.52991926  0.        ]
 [ 0.36089251  0.81019959 -0.4618801   0.        ]
 [ 0.69647677  0.09522482  0.71123298  0.        ]
 [ 0.          0.          0.          1.        ]]","[[   1    0    0  288]
 [   0    1    0  677]
 [   0    0    1 3529]
 [   0    0    0    1]]"
0039.jpg,"[[ 0.48397748  0.80547379  0.34202014  0.        ]
 [-0.85785528  0.359545    0.36716716  0.        ]
 [ 0.17277189 -0.47110442  0.86499162  0.        ]
 [ 0.          0.          0.          1.        ]]","[[   1    0    0  476]
 [   0    1    0 -178]
 [   0    0    1 2424]
 [   0    0    0    1]]"
0040.jpg,"[[ 0.87119896 -0.40624675  0.27563736  0.        ]
 [ 0.48947505  0.67558831 -0.55135706  0.        ]
 [ 0.03776964  0.6152593   0.78741948  0.        ]
 [ 0.          0.          0.          1.        ]]","[[   1    0    0  551]
 [   0    1    0  186]
 [   0    0    1 4862]
 [   0    0    0    1]]"
0041.jpg,"[[ 0.53457365  0.48133228 -0.69465837  0.        ]
 [-0.77994115  0.59751924 -0.18617884  0.        ]
 [ 0.32545786  0.64131895  0.69482889  0.        ]
 [ 0.          0.          0.          1.        ]]","[[   1    0    0  823]
 [   0    1    0  688]
 [   0    0    1 4565]
 [   0    0    0    1]]"
0042.jpg,"[[ 0.95266573  0.29125914  0.08715574  0.        ]
 [-0.24251792  0.55516784  0.79559646  0.        ]
 [ 0.18333868 -0.77907431  0.59952494  0.        ]
 [ 0.          0.          0.          1.        ]]","[[    1     0     0 -1080]
 [    0     1     0   634]
 [    0     0     1  4352]
 [    0     0     0     1]]"
0043.jpg,"[[ 0.88233531  0.12400414  0.4539905   0.        ]
 [-0.1074735   0.99226327 -0.06215347  0.        ]
 [-0.45818538  0.00604825  0.88883608  0.        ]
 [ 0.          0.          0.          1.        ]]","[[    1     0     0 -1264]
 [    0     1     0   354]
 [    0     0     1  4657]
 [    0     0     0     1]]"
0044.jpg,"[[ 0.8007888   0.54013887 -0.25881905  0.        ]
 [-0.56279929  0.53073132 -0.63370436  0.        ]
 [-0.20492498  0.65312653  0.72899347  0.        ]
 [ 0.          0.          0.          1.        ]]","[[   1    0    0 -775]
 [   0    1    0  788]
 [   0    0    1 4886]
 [   0    0    0    1]]"
0045.jpg,"[[ 0.98288676 -0.12068332 -0.1391731   0.        ]
 [ 0.14981962  0.96329188  0.22276185  0.        ]
 [ 0.10718068 -0.23980053  0.96488756  0.        ]
 [ 0.          0.          0.          1.        ]]","[[   1    0    0 -836]
 [   0    1    0 -203]
 [   0    0    1 3401]
 [   0    0    0    1]]"
0046.jpg,"[[ 0.72423622 -0.6753612  -0.1391731   0.        ]
 [ 0.30780099  0.49723774 -0.81118011  0.        ]
 [ 0.61704169  0.5446484   0.56799443  0.        ]
 [ 0.          0.          0.          1.        ]]","[[   1    0    0  142]
 [   0    1    0  749]
 [   0    0    1 4630]
 [   0    0    0    1]]"
0047.jpg,"[[ 0.54090776  0.71780884 -0.43837115  0.        ]
 [-0.72305827  0.13060329 -0.67832848  0.        ]
 [-0.42965747  0.68388102  0.58966195  0.        ]
 [ 0.          0.          0.          1.        ]]","[[    1     0     0 -1282]
 [    0     1     0   167]
 [    0     0     1  3444]
 [    0     0     0     1]]"
0048.jpg,"[[ 0.50985362  0.5865195  -0.62932039  0.        ]
 [-0.78999266  0.02964131 -0.61239937  0.        ]
 [-0.3405303   0.80939253  0.47845883  0.        ]
 [ 0.          0.          0.          1.        ]]","[[   1    0    0 -371]
 [   0    1    0 -308]
 [   0    0    1 4728]
 [   0    0    0    1]]"
0049.jpg,"[[ 0.98240881  0.17322518 -0.06975647  0.        ]
 [-0.06818617  0.68049622  0.72957216  0.        ]
 [ 0.17384929 -0.71198169  0.68033705  0.        ]
 [ 0.          0.          0.          1.        ]]","[[   1    0    0  220]
 [   0    1    0   55]
 [   0    0    1 3089]
 [   0    0    0    1]]"
0050.jpg,"[[ 0.69975454  0.60828734  0.37460659  0.        ]
 [-0.61434645  0.24477988  0.7501075   0.        ]
 [ 0.36458474 -0.75502935  0.544985    0.        ]
 [ 0.          0.          0.          1.        ]]","[[   1    0    0 -899]
 [   0    1    0 -493]
 [   0    0    1 4332]
 [   0    0    0    1]]"
0051.jpg,"[[ 0.47192937  0.4557369  -0.75470958  0.        ]
 [-0.87949785  0.18377167 -0.43898918  0.        ]
 [-0.06136932  0.87093734  0.48754687  0.        ]
 [ 0.          0.          0.          1.        ]]","[[    1     0     0 -1049]
 [    0     1     0   196]
 [    0     0     1  2152]
 [    0     0     0     1]]"
0052.jpg,"[[ 0.80509169  0.34174115 -0.48480962  0.        ]
 [-0.28940805  0.93977437  0.18184366  0.        ]
 [ 0.51775512 -0.00609302  0.85550717  0.        ]
 [ 0.          0.          0.          1.        ]]","[[   1    0    0 -652]
 [   0    1    0  633]
 [   0    0    1 4038]
 [   0    0    0    1]]"
0053.jpg,"[[ 0.59503412 -0.20488668 -0.77714596  0.        ]
 [-0.20941439  0.8940328  -0.39604415  0.        ]
 [ 0.77593815  0.39840533  0.4890738   0.        ]
 [ 0.          0.          0.          1.        ]]","[[   1    0    0  517]
 [   0    1    0 -437]
 [   0    0    1 4535]
 [   0    0    0    1]]"
0054.jpg,"[[ 0.94542711 -0.23572145 -0.22495105  0.        ]
 [ 0.05625721  0.79810812 -0.59988211  0.        ]
 [ 0.32094035  0.55448969  0.76781409  0.        ]
 [ 0.          0.          0.          1.        ]]","[[   1    0    0 -111]
 [   0    1    0  -56]
 [   0    0    1 3879]
 [   0    0    0    1]]"
0055.jpg,"[[ 0.39380676  0.3545852   0.8480481   0.        ]
 [-0.31008468  0.91976604 -0.24057831  0.        ]
 [-0.86531135 -0.16822536  0.47216152  0.        ]
 [ 0.          0.          0.          1.        ]]","[[   1    0    0  334]
 [   0    1    0  471]
 [   0    0    1 2991]
 [   0    0    0    1]]"
0056.jpg,"[[ 0.5179825  -0.16830272 -0.83867057  0.        ]
 [ 0.55186199  0.81486623  0.17731713  0.        ]
 [ 0.65356137 -0.55467758  0.51496632  0.        ]
 [ 0.          0.          0.          1.        ]]","[[   1    0    0 -277]
 [   0    1    0  703]
 [   0    0    1 3182]
 [   0    0    0    1]]"
0057.jpg,"[[ 0.69471383 -0.60390552 -0.39073113  0.        ]
 [ 0.11000103  0.62603136 -0.77200033  0.        ]
 [ 0.7108252   0.49333848  0.50134288  0.        ]
 [ 0.          0.          0.          1.        ]]","[[   1    0    0 -542]
 [   0    1    0  363]
 [   0    0    1 4292]
 [   0    0    0    1]]"
0058.jpg,"[[ 0.7053843   0.7053843  -0.06975647  0.        ]
 [-0.68464134  0.65252386 -0.32477509  0.        ]
 [-0.18357349  0.27684941  0.94321534  0.        ]
 [ 0.          0.          0.          1.        ]]","[[   1    0    0  549]
 [   0    1    0   42]
 [   0    0    1 4659]
 [   0    0    0    1]]"
0059.jpg,"[[ 0.88233531  0.12400414 -0.4539905   0.        ]
 [-0.42722231  0.61566436 -0.66214689  0.        ]
 [ 0.19739681  0.77819045  0.59619974  0.        ]
 [ 0.          0.          0.          1.        ]]","[[    1     0     0 -1258]
 [    0     1     0   590]
 [    0     0     1  3630]
 [    0     0     0     1]]"
0060.jpg,"[[ 0.66546504 -0.7390738  -0.10452846  0.        ]
 [ 0.58316028  0.42737136  0.69085296  0.        ]
 [-0.46591885 -0.52069534  0.71539918  0.        ]
 [ 0.          0.          0.          1.        ]]","[[   1    0    0 -976]
 [   0    1    0  467]
 [   0    0    1 4265]
 [   0    0    0    1]]"
0061.jpg,"[[ 0.49878203 -0.03487824 -0.8660254   0.        ]
 [-0.43838059  0.85180689 -0.28678822  0.        ]
 [ 0.74768907  0.52269354  0.40957602  0.        ]
 [ 0.          0.          0.          1.        ]]","[[   1    0    0 -430]
 [   0    1    0 -389]
 [   0    0    1 4144]
 [   0    0    0    1]]"
0062.jpg,"[[ 0.74908409 -0.09197596  0.65605903  0.        ]
 [-0.50299411  0.56551482  0.65359767  0.        ]
 [-0.43112638 -0.81959344  0.37735479  0.        ]
 [ 0.          0.          0.          1.        ]]","[[   1    0    0 -405]
 [   0    1    0  763]
 [   0    0    1 3375]
 [   0    0    0    1]]"
0063.jpg,"[[ 0.6133187   0.78501213 -0.08715574  0.        ]
 [-0.78194704  0.58792849 -0.20712052  0.        ]
 [-0.11135078  0.19518207  0.97442545  0.        ]
 [ 0.          0.          0.          1.        ]]","[[   1    0    0  448]
 [   0    1    0   79]
 [   0    0    1 3180]
 [   0    0    0    1]]"
0064.jpg,"[[ 0.8011437  -0.1125934  -0.58778525  0.        ]
 [ 0.29422062  0.92935855  0.22299531  0.        ]
 [ 0.52115545 -0.35158982  0.77767705  0.        ]
 [ 0.          0.          0.          1.        ]]","[[    1     0     0 -1230]
 [    0     1     0   370]
 [    0     0     1  3657]
 [    0     0     0     1]]"
0065.jpg,"[[ 0.71158945 -0.36257293 -0.60181502  0.        ]
 [ 0.53228459  0.837296    0.12493412  0.        ]
 [ 0.45859958 -0.40923866  0.78880298  0.        ]
 [ 0.          0.          0.          1.        ]]","[[    1     0     0 -1219]
 [    0     1     0   -54]
 [    0     0     1  4653]
 [    0     0     0     1]]"
0066.jpg,"[[ 0.95499417  0.05004912  0.2923717   0.        ]
 [ 0.17784105  0.69225455 -0.69939702  0.        ]
 [-0.23739985  0.71991577  0.65219828  0.        ]
 [ 0.          0.          0.          1.        ]]","[[   1    0    0 -260]
 [   0    1    0 -453]
 [   0    0    1 4135]
 [   0    0    0    1]]"
0067.jpg,"[[ 0.53475883 -0.16349218  0.82903757  0.        ]
 [-0.24362809  0.90961115  0.33653069  0.        ]
 [-0.80912196 -0.3819396   0.44659131  0.        ]
 [ 0.          0.          0.          1.        ]]","[[   1    0    0  573]
 [   0    1    0 -137]
 [   0    0    1 3578]
 [   0    0    0    1]]"
0068.jpg,"[[ 0.6096699  -0.78034189 -0.1391731   0.        ]
 [ 0.34491834  0.41925623 -0.83979495  0.        ]
 [ 0.71367637  0.46399435  0.52476213  0.        ]
 [ 0.          0.          0.          1.        ]]","[[   1    0    0   -5]
 [   0    1    0  614]
 [   0    0    1 2143]
 [   0    0    0    1]]"
0069.jpg,"[[ 0.61003475 -0.38119202  0.69465837  0.        ]
 [ 0.62416539  0.77124221 -0.12491205  0.        ]
 [-0.48813438  0.5097824   0.70841141  0.        ]
 [ 0.          0.          0.          1.        ]]","[[    1     0     0 -1297]
 [    0     1     0   -44]
 [    0     0     1  4020]
 [    0     0     0     1]]"
0070.jpg,"[[ 0.70758221 -0.51408857  0.48480962  0.        ]
 [ 0.3563603   0.85205963  0.38340804  0.        ]
 [-0.6101924  -0.09852581  0.78610299  0.        ]
 [ 0.          0.          0.          1.        ]]","[[   1    0    0 -953]
 [   0    1    0  453]
 [   0    0    1 2899]
 [   0    0    0    1]]"
0071.jpg,"[[ 0.32412396  0.53943286  0.77714596  0.        ]
 [-0.85049312 -0.19356724  0.4890738   0.        ]
 [ 0.41425248 -0.81947783  0.39604415  0.        ]
 [ 0.          0.          0.          1.        ]]","[[   1    0    0 -675]
 [   0    1    0 -155]
 [   0    0    1 4668]
 [   0    0    0    1]]"
0072.jpg,"[[ 0.59440568 -0.09414461 -0.79863551  0.        ]
 [-0.31140298  0.88869302 -0.33653069  0.        ]
 [ 0.74142435  0.44873323  0.49892727  0.        ]
 [ 0.          0.          0.          1.        ]]","[[   1    0    0  770]
 [   0    1    0  572]
 [   0    0    1 4966]
 [   0    0    0    1]]"
0073.jpg,"[[ 0.54466811 -0.58408504 -0.60181502  0.        ]
 [ 0.65814305  0.74245484 -0.12493412  0.        ]
 [ 0.51979263 -0.32803275  0.78880298  0.        ]
 [ 0.          0.          0.          1.        ]]","[[   1    0    0 -781]
 [   0    1    0 -213]
 [   0    0    1 2806]
 [   0    0    0    1]]"
0074.jpg,"[[ 0.55233746  0.2010344   0.80901699  0.        ]
 [-0.48079448  0.86963095  0.11215471  0.        ]
 [-0.68099926 -0.45091815  0.57698598  0.        ]
 [ 0.          0.          0.          1.        ]]","[[   1    0    0  934]
 [   0    1    0  714]
 [   0    0    1 2448]
 [   0    0    0    1]]"
0075.jpg,"[[ 0.90949987  0.27806201  0.30901699  0.        ]
 [-0.39232694  0.81991514  0.41691574  0.        ]
 [-0.13743928 -0.5004205   0.85480393  0.        ]
 [ 0.          0.          0.          1.        ]]","[[   1    0    0  148]
 [   0    1    0 -467]
 [   0    0    1 3721]
 [   0    0    0    1]]"
0076.jpg,"[[ 0.8236391  -0.26761657 -0.5         0.        ]
 [-0.15615234  0.74055826 -0.65359767  0.        ]
 [ 0.54519269  0.61640477  0.56816379  0.        ]
 [ 0.          0.          0.          1.        ]]","[[   1    0    0 -120]
 [   0    1    0 -343]
 [   0    0    1 3374]
 [   0    0    0    1]]"
0077.jpg,"[[ 0.99923861 -0.01744177 -0.0348995   0.        ]
 [-0.01361748  0.68233994 -0.73090818  0.        ]
 [ 0.03656166  0.73082692  0.68158291  0.        ]
 [ 0.          0.          0.          1.        ]]","[[    1     0     0 -1291]
 [    0     1     0  -500]
 [    0     0     1  3965]
 [    0     0     0     1]]"
0078.jpg,"[[ 0.34765832  0.55636961 -0.75470958  0.        ]
 [-0.30141444  0.82851192  0.47192937  0.        ]
 [ 0.88785304  0.06341019  0.4557369   0.        ]
 [ 0.          0.          0.          1.        ]]","[[   1    0    0 -466]
 [   0    1    0  430]
 [   0    0    1 4934]
 [   0    0    0    1]]"
0079.jpg,"[[ 0.9559958  -0.10047921  0.27563736  0.        ]
 [ 0.09972836  0.99487326  0.01677633  0.        ]
 [-0.27590991  0.01145076  0.96111529  0.        ]
 [ 0.          0.          0.          1.        ]]","[[   1    0    0 -599]
 [   0    1    0 -155]
 [   0    0    1 2964]
 [   0    0    0    1]]"
0080.jpg,"[[ 0.89046375  0.03109568  0.4539905   0.        ]
 [ 0.0680584   0.97734064 -0.20043286  0.        ]
 [-0.44993596  0.20937606  0.86817008  0.        ]
 [ 0.          0.          0.          1.        ]]","[[   1    0    0 -136]
 [   0    1    0 -384]
 [   0    0    1 3109]
 [   0    0    0    1]]"
0081.jpg,"[[ 0.50680088 -0.75136321  0.42261826  0.        ]
 [ 0.79300743  0.21408178 -0.57035797  0.        ]
 [ 0.33807113  0.62419734  0.70433344  0.        ]
 [ 0.          0.          0.          1.        ]]","[[   1    0    0   22]
 [   0    1    0  408]
 [   0    0    1 4853]
 [   0    0    0    1]]"
0082.jpg,"[[ 0.48514786  0.62096095 -0.61566148  0.        ]
 [-0.64275814  0.7306035   0.23039205  0.        ]
 [ 0.5928689   0.28394721  0.75357843  0.        ]
 [ 0.          0.          0.          1.        ]]","[[   1    0    0   66]
 [   0    1    0  302]
 [   0    0    1 3066]
 [   0    0    0    1]]"
0083.jpg,"[[ 0.48427526 -0.27959645 -0.82903757  0.        ]
 [-0.25793545  0.85982374 -0.44065002  0.        ]
 [ 0.83603037  0.42723408  0.34427353  0.        ]
 [ 0.          0.          0.          1.        ]]","[[   1    0    0  260]
 [   0    1    0  -50]
 [   0    0    1 2935]
 [   0    0    0    1]]"
0084.jpg,"[[ 0.77491262  0.19320742 -0.60181502  0.        ]
 [-0.02761348  0.96157521  0.27314943  0.        ]
 [ 0.6314649  -0.19504874  0.7504719   0.        ]
 [ 0.          0.          0.          1.        ]]","[[   1    0    0  296]
 [   0    1    0  -49]
 [   0    0    1 4184]
 [   0    0    0    1]]"
0085.jpg,"[[ 0.27231952  0.47167124 -0.83867057  0.        ]
 [-0.55414511  0.78943194  0.26404624  0.        ]
 [ 0.78661635  0.39284024  0.47635203  0.        ]
 [ 0.          0.          0.          1.        ]]","[[    1     0     0 -1117]
 [    0     1     0   215]
 [    0     0     1  4649]
 [    0     0     0     1]]"
0086.jpg,"[[ 0.86453982  0.44050504 -0.2419219   0.        ]
 [-0.49814759  0.68744311 -0.52846093  0.        ]
 [-0.06648216  0.57738833  0.81375847  0.        ]
 [ 0.          0.          0.          1.        ]]","[[   1    0    0  -47]
 [   0    1    0  -60]
 [   0    0    1 3065]
 [   0    0    0    1]]"
0087.jpg,"[[ 0.9142142   0.2621467  -0.30901699  0.        ]
 [-0.40472687  0.55263803 -0.72855156  0.        ]
 [-0.02021285  0.79111966  0.61132734  0.        ]
 [ 0.          0.          0.          1.        ]]","[[   1    0    0 -125]
 [   0    1    0 -263]
 [   0    0    1 4814]
 [   0    0    0    1]]"
0088.jpg,"[[ 0.8658935   0.01511423  0.5         0.        ]
 [-0.32817534  0.77153602  0.54500745  0.        ]
 [-0.37753064 -0.63600608  0.67302815  0.        ]
 [ 0.          0.          0.          1.        ]]","[[    1     0     0 -1001]
 [    0     1     0   799]
 [    0     0     1  4231]
 [    0     0     0     1]]"
0089.jpg,"[[ 0.46984631  0.17101007 -0.8660254   0.        ]
 [-0.85184995  0.34512523 -0.39400538  0.        ]
 [ 0.23150833  0.92284567  0.30783074  0.        ]
 [ 0.          0.          0.          1.        ]]","[[   1    0    0  160]
 [   0    1    0  750]
 [   0    0    1 4173]
 [   0    0    0    1]]"
0090.jpg,"[[ 0.58924867  0.56903082 -0.57357644  0.        ]
 [-0.75280477  0.12889506 -0.64550062  0.        ]
 [-0.29337858  0.81215145  0.50432036  0.        ]
 [ 0.          0.          0.          1.        ]]","[[   1    0    0   -4]
 [   0    1    0  231]
 [   0    0    1 4040]
 [   0    0    0    1]]"
0091.jpg,"[[ 0.76867025  0.51847463  0.37460659  0.        ]
 [-0.02180124  0.60654305 -0.79475168  0.        ]
 [-0.63927361  0.60273509  0.47753499  0.        ]
 [ 0.          0.          0.          1.        ]]","[[   1    0    0  527]
 [   0    1    0  296]
 [   0    0    1 4268]
 [   0    0    0    1]]"
0092.jpg,"[[ 0.75561639  0.47216152  0.4539905   0.        ]
 [-0.03428331  0.72065842 -0.69244212  0.        ]
 [-0.6541166   0.50765632  0.56072857  0.        ]
 [ 0.          0.          0.          1.        ]]","[[   1    0    0 -655]
 [   0    1    0  683]
 [   0    0    1 4380]
 [   0    0    0    1]]"
0093.jpg,"[[ 0.50557537  0.84141872 -0.190809    0.        ]
 [-0.86017027  0.47436757 -0.1873033   0.        ]
 [-0.0670869   0.25882416  0.96359193  0.        ]
 [ 0.          0.          0.          1.        ]]","[[   1    0    0  451]
 [   0    1    0 -458]
 [   0    0    1 4882]
 [   0    0    0    1]]"
0094.jpg,"[[ 0.97755174  0.03413686  0.20791169  0.        ]
 [ 0.0702124   0.8776047  -0.47421537  0.        ]
 [-0.1986525   0.47816804  0.85550717  0.        ]
 [ 0.          0.          0.          1.        ]]","[[   1    0    0  321]
 [   0    1    0 -455]
 [   0    0    1 2984]
 [   0    0    0    1]]"
0095.jpg,"[[ 0.62088515 -0.73994211  0.25881905  0.        ]
 [ 0.73780291  0.44004936 -0.5118627   0.        ]
 [ 0.26485561  0.5087654   0.81915156  0.        ]
 [ 0.          0.          0.          1.        ]]","[[   1    0    0 -476]
 [   0    1    0  769]
 [   0    0    1 2699]
 [   0    0    0    1]]"
0096.jpg,"[[ 0.88240973 -0.46918557 -0.0348995   0.        ]
 [ 0.36169821  0.72395007 -0.58742719  0.        ]
 [ 0.30087786  0.50572838  0.80852416  0.        ]
 [ 0.          0.          0.          1.        ]]","[[   1    0    0  302]
 [   0    1    0 -173]
 [   0    0    1 4169]
 [   0    0    0    1]]"
0097.jpg,"[[ 0.65662825 -0.39454206  0.64278761  0.        ]
 [-0.03856383  0.83358314  0.55104626  0.        ]
 [-0.75322784 -0.38662089  0.53213918  0.        ]
 [ 0.          0.          0.          1.        ]]","[[    1     0     0 -1281]
 [    0     1     0   186]
 [    0     0     1  4276]
 [    0     0     0     1]]"
0098.jpg,"[[ 0.45475163 -0.24179573  0.8571673   0.        ]
 [ 0.05920684  0.96851917  0.24179573  0.        ]
 [-0.88864813 -0.05920684  0.45475163  0.        ]
 [ 0.          0.          0.          1.        ]]","[[   1    0    0  579]
 [   0    1    0  394]
 [   0    0    1 2589]
 [   0    0    0    1]]"
0099.jpg,"[[ 0.52779249 -0.34275245  0.77714596  0.        ]
 [ 0.69477126  0.70054477 -0.1628801   0.        ]
 [-0.48859798  0.62590557  0.60787682  0.        ]
 [ 0.          0.          0.          1.        ]]","[[   1    0    0 -580]
 [   0    1    0 -285]
 [   0    0    1 4030]
 [   0    0    0    1]]"
0100.jpg,"[[ 0.57035797 -0.70433344  0.42261826  0.        ]
 [ 0.32236365  0.6651731   0.67351794  0.        ]
 [-0.75549551 -0.24790956  0.60643828  0.        ]
 [ 0.          0.          0.          1.        ]]","[[   1    0    0 -574]
 [   0    1    0   18]
 [   0    0    1 3335]
 [   0    0    0    1]]"
0101.jpg,"[[ 0.88003676  0.13938413 -0.4539905   0.        ]
 [ 0.18378545  0.78151698  0.59619974  0.        ]
 [ 0.43790206 -0.60811453  0.66214689  0.        ]
 [ 0.          0.          0.          1.        ]]","[[   1    0    0  973]
 [   0    1    0 -335]
 [   0    0    1 3130]
 [   0    0    0    1]]"
0102.jpg,"[[ 0.87157241  0.3345653   0.35836795  0.        ]
 [-0.43274873  0.86852994  0.24162839  0.        ]
 [-0.23041282 -0.36567992  0.90176944  0.        ]
 [ 0.          0.          0.          1.        ]]","[[   1    0    0   27]
 [   0    1    0  161]
 [   0    0    1 3887]
 [   0    0    0    1]]"
0103.jpg,"[[ 0.28678822  0.40957602 -0.8660254   0.        ]
 [-0.4314526   0.86234856  0.26495963  0.        ]
 [ 0.85533688  0.29766161  0.42402405  0.        ]
 [ 0.          0.          0.          1.        ]]","[[   1    0    0 -811]
 [   0    1    0  417]
 [   0    0    1 2800]
 [   0    0    0    1]]"
0104.jpg,"[[ 0.6087486   0.5481197   0.57357644  0.        ]
 [-0.78657947  0.51131809  0.34618861  0.        ]
 [-0.10352721 -0.66190528  0.74240388  0.        ]
 [ 0.          0.          0.          1.        ]]","[[   1    0    0 -565]
 [   0    1    0  671]
 [   0    0    1 3931]
 [   0    0    0    1]]"
0105.jpg,"[[ 0.61649383  0.70919502  0.34202014  0.        ]
 [-0.77402986  0.62548357  0.09822463  0.        ]
 [-0.14426756 -0.32528868  0.93454489  0.        ]
 [ 0.          0.          0.          1.        ]]","[[   1    0    0  628]
 [   0    1    0  540]
 [   0    0    1 3494]
 [   0    0    0    1]]"
0106.jpg,"[[ 0.66446302 -0.66446302 -0.34202014  0.        ]
 [ 0.49145005  0.73329482 -0.46984631  0.        ]
 [ 0.5629971   0.14410968  0.81379768  0.        ]
 [ 0.          0.          0.          1.        ]]","[[   1    0    0 -358]
 [   0    1    0  413]
 [   0    0    1 2576]
 [   0    0    0    1]]"
0107.jpg,"[[ 0.57322703 -0.81865304 -0.0348995   0.        ]
 [ 0.65782464  0.43438387  0.61528643  0.        ]
 [-0.48854633 -0.37565656  0.78753072  0.        ]
 [ 0.          0.          0.          1.        ]]","[[   1    0    0  146]
 [   0    1    0 -277]
 [   0    0    1 4688]
 [   0    0    0    1]]"
0108.jpg,"[[ 0.94396749 -0.30671363 -0.12186934  0.        ]
 [ 0.09340551  0.60243647 -0.7926826   0.        ]
 [ 0.31654509  0.73688333  0.59732919  0.        ]
 [ 0.          0.          0.          1.        ]]","[[   1    0    0 -849]
 [   0    1    0  192]
 [   0    0    1 3786]
 [   0    0    0    1]]"
0109.jpg,"[[ 0.54874481 -0.2106434  -0.80901699  0.        ]
 [ 0.61520676  0.7569926   0.22018823  0.        ]
 [ 0.56603868 -0.61853987  0.544985    0.        ]
 [ 0.          0.          0.          1.        ]]","[[   1    0    0 -568]
 [   0    1    0 -164]
 [   0    0    1 2642]
 [   0    0    0    1]]"
0110.jpg,"[[ 0.55335287 -0.70825937  0.43837115  0.        ]
 [ 0.69782269  0.10682769 -0.70825937  0.        ]
 [ 0.45480116  0.69782269  0.55335287  0.        ]
 [ 0.          0.          0.          1.        ]]","[[   1    0    0 -755]
 [   0    1    0   43]
 [   0    0    1 4658]
 [   0    0    0    1]]"
0111.jpg,"[[ 0.50846434  0.19518117 -0.83867057  0.        ]
 [-0.64584655  0.73062238 -0.22152465  0.        ]
 [ 0.56951405  0.65428988  0.49755252  0.        ]
 [ 0.          0.          0.          1.        ]]","[[   1    0    0  732]
 [   0    1    0 -162]
 [   0    0    1 2511]
 [   0    0    0    1]]"
0112.jpg,"[[ 0.50680088 -0.75136321  0.42261826  0.        ]
 [ 0.6892819   0.64761164  0.32479166  0.        ]
 [-0.51772901  0.12669842  0.84611121  0.        ]
 [ 0.          0.          0.          1.        ]]","[[   1    0    0  633]
 [   0    1    0 -110]
 [   0    0    1 3353]
 [   0    0    0    1]]"
0113.jpg,"[[ 0.48104168 -0.31239212  0.81915204  0.        ]
 [ 0.76233477  0.61047401 -0.21486551  0.        ]
 [-0.43294874  0.72782735  0.53181081  0.        ]
 [ 0.          0.          0.          1.        ]]","[[   1    0    0  783]
 [   0    1    0  493]
 [   0    0    1 2929]
 [   0    0    0    1]]"
0114.jpg,"[[ 0.75424983 -0.65565938  0.0348995   0.        ]
 [ 0.50076567  0.60881553  0.61528643  0.        ]
 [-0.42466567 -0.44660322  0.78753072  0.        ]
 [ 0.          0.          0.          1.        ]]","[[   1    0    0  534]
 [   0    1    0  440]
 [   0    0    1 2991]
 [   0    0    0    1]]"
0115.jpg,"[[ 0.99741212 -0.06974585 -0.01745241  0.        ]
 [ 0.06347257  0.96822665 -0.24188505  0.        ]
 [ 0.03376836  0.24015133  0.97014795  0.        ]
 [ 0.          0.          0.          1.        ]]","[[   1    0    0 -782]
 [   0    1    0 -140]
 [   0    0    1 4695]
 [   0    0    0    1]]"
0116.jpg,"[[ 0.7473648  -0.10503527  0.65605903  0.        ]
 [-0.26927557  0.85481188  0.44360716  0.        ]
 [-0.60740145 -0.50819705  0.61057288  0.        ]
 [ 0.          0.          0.          1.        ]]","[[   1    0    0   29]
 [   0    1    0   64]
 [   0    0    1 2141]
 [   0    0    0    1]]"
0117.jpg,"[[ 0.81275754 -0.43215085 -0.39073113  0.        ]
 [ 0.30604901  0.88737152 -0.34482719  0.        ]
 [ 0.49574104  0.16067802  0.85347724  0.        ]
 [ 0.          0.          0.          1.        ]]","[[   1    0    0 -710]
 [   0    1    0  322]
 [   0    0    1 2779]
 [   0    0    0    1]]"
0118.jpg,"[[ 0.64407603 -0.26022361 -0.7193398   0.        ]
 [-0.0090613   0.93769949 -0.34732919  0.        ]
 [ 0.76490782  0.23022455  0.6015918   0.        ]
 [ 0.          0.          0.          1.        ]]","[[   1    0    0 -341]
 [   0    1    0 -214]
 [   0    0    1 3159]
 [   0    0    0    1]]"
0119.jpg,"[[ 0.63799637 -0.76033446 -0.12186934  0.        ]
 [ 0.76604444  0.64278761  0.          0.        ]
 [ 0.0783361  -0.09335733  0.99254615  0.        ]
 [ 0.          0.          0.          1.        ]]","[[   1    0    0  272]
 [   0    1    0  523]
 [   0    0    1 4054]
 [   0    0    0    1]]"
0120.jpg,"[[ 0.38302222 -0.3213938  -0.8660254   0.        ]
 [ 0.81633353  0.55653095  0.1545085   0.        ]
 [ 0.43231186 -0.76614576  0.47552826  0.        ]
 [ 0.          0.          0.          1.        ]]","[[   1    0    0 -602]
 [   0    1    0 -399]
 [   0    0    1 3299]
 [   0    0    0    1]]"
0121.jpg,"[[ 0.62088515 -0.73994211 -0.25881905  0.        ]
 [ 0.73780291  0.44004936  0.5118627   0.        ]
 [-0.26485561 -0.5087654   0.81915156  0.        ]
 [ 0.          0.          0.          1.        ]]","[[    1     0     0 -1002]
 [    0     1     0   646]
 [    0     0     1  2098]
 [    0     0     0     1]]"
0122.jpg,"[[ 0.96862834  0.13613183 -0.20791169  0.        ]
 [ 0.09286453  0.57773967  0.81092111  0.        ]
 [ 0.23051101 -0.80478879  0.5469732   0.        ]
 [ 0.          0.          0.          1.        ]]","[[    1     0     0 -1132]
 [    0     1     0   469]
 [    0     0     1  4758]
 [    0     0     0     1]]"
0123.jpg,"[[ 0.75736351 -0.51084814  0.40673664  0.        ]
 [ 0.58135262  0.81115237 -0.06372571  0.        ]
 [-0.29737123  0.28472094  0.91132011  0.        ]
 [ 0.          0.          0.          1.        ]]","[[   1    0    0  370]
 [   0    1    0  686]
 [   0    0    1 3221]
 [   0    0    0    1]]"
0124.jpg,"[[ 0.88028317  0.26912957 -0.39073113  0.        ]
 [-0.47095415  0.5954306  -0.65089522  0.        ]
 [ 0.05747812  0.75698856  0.65089522  0.        ]
 [ 0.          0.          0.          1.        ]]","[[   1    0    0 -378]
 [   0    1    0  562]
 [   0    0    1 3455]
 [   0    0    0    1]]"
0125.jpg,"[[ 0.5130782  -0.85390552 -0.08715574  0.        ]
 [ 0.60696316  0.43273666 -0.66658436  0.        ]
 [ 0.60691555  0.28910958  0.74031694  0.        ]
 [ 0.          0.          0.          1.        ]]","[[   1    0    0 -949]
 [   0    1    0  651]
 [   0    0    1 2340]
 [   0    0    0    1]]"
0126.jpg,"[[ 0.87408691 -0.48451429  0.0348995   0.        ]
 [ 0.48030445  0.87276616  0.08710265  0.        ]
 [-0.07266158 -0.0593729   0.99558784  0.        ]
 [ 0.          0.          0.          1.        ]]","[[   1    0    0 -387]
 [   0    1    0 -256]
 [   0    0    1 2918]
 [   0    0    0    1]]"
